<Frame>: 0 2 Warrior
		<Transform>: 0 0 0 0 0 0 1 1 1 0 0 0 1  
		<TransformMatrix>: 1 0 0 0 0 1 0 0 0 0 1 0 0 0 0 1  
		<Children>: 4
			<Frame>: 1 0 Bip001
				<Transform>: 0 0.7646845 -0.035 270 89.99992 0 1 1 1 -0.5000004 0.4999996 0.4999996 0.5000004  
				<TransformMatrix>: 1.430511E-06 0 -1 0 -1 0 -1.430511E-06 0 0 1 0 0 0 0.7646845 -0.035 1  
				<Children>: 1
					<Frame>: 2 0 Bip001_Pelvis
						<Transform>: -0.03501225 -4.111975E-05 -0.09615451 278.8896 18.71177 72.26108 1 1 1 -0.4453217 0.4780241 0.5273967 0.5431706  
						<TransformMatrix>: -0.01330864 0.1471838 -0.9890196 0 -0.9986818 0.04708248 0.02044535 0 0.0495747 0.987988 0.1463631 0 -0.03501225 -4.111975E-05 -0.09615451 1  
						<Children>: 7
							<Frame>: 3 0 Bip001_L_Thigh
								<Transform>: 1.41561E-07 1.877771E-07 0.1083964 352.2475 167.3578 359.1911 1 1 1 -0.01444303 0.9915696 0.06641326 0.1103197  
								<TransformMatrix>: -0.9752419 -0.01398916 -0.2206976 0 -0.04329591 0.9907613 0.12852 0 0.2168608 0.1348934 -0.9668376 0 1.41561E-07 1.877771E-07 0.1083964 1  
								<Children>: 1
									<Frame>: 4 0 Bip001_L_Calf
										<Transform>: -0.3316578 2.328304E-08 1.490115E-08 2.966632 5.360115 40.01379 1 1 1 0.04028944 0.0350755 0.3405072 0.9387233  
										<TransformMatrix>: 0.7656491 0.6421104 -0.0384147 0 -0.6364577 0.7648633 0.09952821 0 0.09329008 -0.05175436 0.9942929 0 -0.3316578 2.328304E-08 1.490115E-08 1  
										<Children>: 1
											<Frame>: 5 0 Bip001_L_Foot
												<Transform>: -0.3206801 -3.68804E-07 -0.000292564 356.5144 17.04684 335.8994 1 1 1 -0.0603422 0.1386016 -0.2019608 0.9676571  
												<TransformMatrix>: 0.8800029 -0.4075848 -0.2438641 0 0.3741306 0.9111413 -0.1727653 0 0.2926111 0.06079694 0.9542968 0 -0.3206801 -3.68804E-07 -0.000292564 1  
												<Children>: 1
													<Frame>: 6 0 Bip001_L_Toe0
														<Transform>: -0.1180963 0.06111051 -8.459199E-06 2.605726 1.240917 259.5863 1 1 1 0.006233119 0.02439825 -0.768274 0.6396257  
														<TransformMatrix>: -0.1816804 -0.9825114 -0.04078899 0 0.9831197 -0.1805676 -0.02951536 0 0.02163401 -0.04546281 0.9987317 0 -0.1180963 0.06111051 -8.459199E-06 1  
														<Children>: 0
													</Frame>
											</Frame>
									</Frame>
							</Frame>
							<Frame>: 7 0 Bip001_R_Thigh
								<Transform>: -1.41561E-07 -1.207219E-07 -0.1083964 10.46065 201.1226 317.888 1 1 1 -0.3673159 0.9075973 -0.01805428 -0.2025344  
								<TransformMatrix>: -0.6481177 -0.6594367 0.3809025 0 -0.6740632 0.7295061 0.1160162 0 -0.354376 -0.1815602 -0.9173077 0 -1.41561E-07 -1.207219E-07 -0.1083964 1  
								<Children>: 1
									<Frame>: 8 0 Bip001_R_Calf
										<Transform>: -0.3316579 -2.980228E-08 4.470342E-08 351.3266 355.1913 46.97398 1 1 1 -0.08596327 -0.008255405 0.3941405 0.9149839  
										<TransformMatrix>: 0.6891702 0.7226838 -0.05265609 0 -0.7198452 0.6745272 -0.1638176 0 -0.08287034 0.1508024 0.9850844 0 -0.3316579 -2.980228E-08 4.470342E-08 1  
										<Children>: 1
											<Frame>: 9 0 Bip001_R_Foot
												<Transform>: -0.3206796 -2.437087E-05 -0.000313152 7.115823 344.5971 356.6528 1 1 1 0.06537774 -0.1318995 -0.02057395 0.9888908  
												<TransformMatrix>: 0.9643584 -0.05793737 0.2581783 0 0.0234442 0.9906049 0.1347303 0 -0.2635587 -0.1238755 0.9566565 0 -0.3206796 -2.437087E-05 -0.000313152 1  
												<Children>: 1
													<Frame>: 10 0 Bip001_R_Toe0
														<Transform>: -0.1180983 0.06120699 -7.817514E-06 357.5072 -6.51619E-06 269.9999 1 1 1 -0.0153807 -0.01538081 -0.7069403 0.7069387  
														<TransformMatrix>: -2.264977E-06 -0.9990537 0.04349305 0 1 -2.264977E-06 2.123415E-07 0 -1.136214E-07 0.04349305 0.9990537 0 -0.1180983 0.06120699 -7.817514E-06 1  
														<Children>: 0
													</Frame>
											</Frame>
									</Frame>
							</Frame>
							<Frame>: 11 0 Bip001_Skirt01
								<Transform>: -0.123632 0.0599985 -0.1000011 42.35042 181.4446 308.1425 1 1 1 -0.4117928 0.8365576 -0.3196943 -0.1685043  
								<TransformMatrix>: -0.604066 -0.581237 0.5452228 0 -0.7967165 0.4564445 -0.3961076 0 -0.01863152 -0.6736631 -0.7388037 0 -0.123632 0.0599985 -0.1000011 1  
								<Children>: 1
									<Frame>: 12 0 Bip001_Skirt0102
										<Transform>: -0.09645119 -7.6828E-05 6.67572E-08 0.2523973 1.00078 0.1159543 1 1 1 0.002211332 0.008731091 0.0009926148 0.999959  
										<TransformMatrix>: 0.9998456 0.002023763 -0.01745708 0 -0.001946533 0.9999883 0.004439816 0 0.01746586 -0.00440515 0.9998378 0 -0.09645119 -7.6828E-05 6.67572E-08 1  
										<Children>: 1
											<Frame>: 13 0 Bip001_Skirt0103
												<Transform>: -0.09645092 -7.686615E-05 -7.629394E-08 0.3166905 0.1534749 0.1112763 1 1 1 0.00276494 0.001336631 0.0009673629 0.9999948  
												<TransformMatrix>: 0.9999946 0.001942107 -0.0026679 0 -0.001927324 0.9999828 0.005532436 0 0.002678598 -0.005527264 0.9999812 0 -0.09645092 -7.686615E-05 -7.629394E-08 1  
												<Children>: 1
													<Frame>: 14 0 Bip001_Skirt0104
														<Transform>: -0.09645103 -7.678985E-05 0 0.2068856 357.5911 359.0639 1 1 1 0.001976667 -0.02100497 -0.008128963 0.9997444  
														<TransformMatrix>: 0.9989854 -0.01633681 0.04196706 0 0.01617073 0.99986 0.004293821 0 -0.04203133 -0.003610826 0.9991097 0 -0.09645103 -7.678985E-05 0 1  
														<Children>: 0
													</Frame>
											</Frame>
									</Frame>
							</Frame>
							<Frame>: 15 0 Bip001_Skirt01Opp
								<Transform>: -0.1236317 0.05999852 0.1000015 316.057 177.3285 325.4567 1 1 1 -0.2835924 0.8827229 0.3507585 0.1316976  
								<TransformMatrix>: -0.8044623 -0.4082788 -0.4314499 0 -0.593055 0.5930877 0.5445482 0 0.03356016 0.693942 -0.7192485 0 -0.1236317 0.05999852 0.1000015 1  
								<Children>: 1
									<Frame>: 16 0 Bip001_Skirt01Opp02
										<Transform>: -0.09645095 -7.6828E-05 1.430511E-07 359.5906 1.833773 1.970925 1 1 1 -0.003296743 0.01606098 0.01725357 0.9997168  
										<TransformMatrix>: 0.9988887 0.03439147 -0.03222663 0 -0.03460327 0.9993829 -0.006037399 0 0.0319991 0.007145836 0.9994624 0 -0.09645095 -7.6828E-05 1.430511E-07 1  
										<Children>: 1
											<Frame>: 17 0 Bip001_Skirt01Opp03
												<Transform>: -0.09645099 -7.6828E-05 -1.430511E-07 359.3012 2.370316 2.508188 1 1 1 -0.005642839 0.02081153 0.02200733 0.9995252  
												<TransformMatrix>: 0.9981651 0.0437589 -0.04185168 0 -0.04422864 0.9989676 -0.01036431 0 0.04135494 0.01219633 0.99907 0 -0.09645099 -7.6828E-05 -1.430511E-07 1  
												<Children>: 1
													<Frame>: 18 0 Bip001_Skirt01Opp04
														<Transform>: -0.09645111 -7.686615E-05 9.536743E-09 359.2357 0.8358763 0.8009483 1 1 1 -0.006618703 0.007340611 0.007037846 0.9999264  
														<TransformMatrix>: 0.9997932 0.01397749 -0.01477331 0 -0.01417183 0.9998133 -0.01313311 0 0.01458698 0.01333976 0.9998046 0 -0.09645111 -7.686615E-05 9.536743E-09 1  
														<Children>: 0
													</Frame>
											</Frame>
									</Frame>
							</Frame>
							<Frame>: 19 0 Bip001_Skirt02
								<Transform>: -0.1236333 -0.07500437 -0.08999184 44.80159 16.12062 158.3422 1 1 1 0.1982157 -0.3462442 0.8890672 0.2244659  
								<TransformMatrix>: -0.8206512 0.2618685 0.5078943 0 -0.5363926 -0.6594601 -0.5266833 0 0.1970142 -0.704654 0.681651 0 -0.1236333 -0.07500437 -0.08999184 1  
								<Children>: 1
									<Frame>: 20 0 Bip001_Skirt0202
										<Transform>: -0.09645111 -7.6828E-05 -2.384186E-09 359.9474 358.4514 0.3151642 1 1 1 -0.0004956467 -0.01351241 0.002743875 0.9999048  
										<TransformMatrix>: 0.9996198 0.005500623 0.02701953 0 -0.005473833 0.9999844 -0.001065352 0 -0.02702497 0.0009170463 0.9996343 0 -0.09645111 -7.6828E-05 -2.384186E-09 1  
										<Children>: 1
											<Frame>: 21 0 Bip001_Skirt0203
												<Transform>: -0.09645107 -7.69043E-05 -7.629394E-08 359.9922 357.6942 1.591697 1 1 1 -0.000347299 -0.02011806 0.01388555 0.9997011  
												<TransformMatrix>: 0.9988049 0.02777677 0.04021445 0 -0.02774883 0.9996141 -0.001253091 0 -0.04023374 0.0001356899 0.9991903 0 -0.09645107 -7.69043E-05 -7.629394E-08 1  
												<Children>: 1
													<Frame>: 22 0 Bip001_Skirt0204
														<Transform>: -0.09645099 -7.67517E-05 7.629394E-08 0.0820604 358.2764 2.530858 1 1 1 0.0003837042 -0.01505247 0.02209237 0.9996426  
														<TransformMatrix>: 0.9985707 0.0441574 0.03011114 0 -0.0441805 0.9990236 0.0001020444 0 -0.03007723 -0.001432224 0.9995465 0 -0.09645099 -7.67517E-05 7.629394E-08 1  
														<Children>: 0
													</Frame>
											</Frame>
									</Frame>
							</Frame>
							<Frame>: 23 0 Bip001_Skirt02Opp
								<Transform>: -0.1236329 -0.07500434 0.08999214 327.9814 352.0958 154.2685 1 1 1 -0.1258501 0.2534783 0.9306243 0.2320536  
								<TransformMatrix>: -0.8606257 0.368109 -0.3518794 0 -0.49571 -0.7637998 0.4133782 0 -0.1165971 0.530194 0.839821 0 -0.1236329 -0.07500434 0.08999214 1  
								<Children>: 1
									<Frame>: 24 0 Bip001_Skirt02Opp02
										<Transform>: -0.09645095 -7.6828E-05 4.768371E-09 359.4112 357.7044 2.568238 1 1 1 -0.005584934 -0.01991088 0.02230253 0.9995374  
										<TransformMatrix>: 0.9982123 0.04480683 0.03955422 0 -0.04436202 0.9989428 -0.01205283 0 -0.04005245 0.01027657 0.9991447 0 -0.09645095 -7.6828E-05 4.768371E-09 1  
										<Children>: 1
											<Frame>: 25 0 Bip001_Skirt02Opp03
												<Transform>: -0.09645099 -7.667542E-05 -2.384186E-09 359.2323 356.9044 4.520824 1 1 1 -0.007757449 -0.02672536 0.0392453 0.9988421  
												<TransformMatrix>: 0.9954911 0.07881434 0.05277995 0 -0.07798506 0.9967992 -0.01759462 0 -0.05399773 0.01339924 0.9984512 0 -0.09645099 -7.667542E-05 -2.384186E-09 1  
												<Children>: 1
													<Frame>: 26 0 Bip001_Skirt02Opp04
														<Transform>: -0.09645095 -7.6828E-05 7.629394E-08 359.287 358.7077 3.964951 1 1 1 -0.006608556 -0.01105535 0.03452081 0.999321  
														<TransformMatrix>: 0.9973722 0.06914087 0.02163943 0 -0.06884862 0.9975293 -0.01397142 0 -0.02255196 0.01244486 0.9996682 0 -0.09645095 -7.6828E-05 7.629394E-08 1  
														<Children>: 0
													</Frame>
											</Frame>
									</Frame>
							</Frame>
							<Frame>: 27 0 Bip001_Spine
								<Transform>: -0.0567017 0.01331887 4.842875E-08 0.7483092 359.3561 357.1708 1 1 1 0.006666809 -0.005456224 -0.02464938 0.9996591  
								<TransformMatrix>: 0.9987253 -0.04935471 0.01058006 0 0.0492092 0.9986959 0.01359806 0 -0.01123739 -0.01306009 0.9998516 0 -0.0567017 0.01331887 4.842875E-08 1  
								<Children>: 1
									<Frame>: 28 0 Bip001_Spine1
										<Transform>: -0.1273312 -0.0001793885 -2.628984E-05 10.96288 5.011501 332.4552 1 1 1 0.0823277 0.06498757 -0.2408064 0.9648892  
										<TransformMatrix>: 0.8755777 -0.4540024 -0.1650617 0 0.4754035 0.8704689 0.1275754 0 0.08576152 -0.1901731 0.9779975 0 -0.1273312 -0.0001793885 -2.628984E-05 1  
										<Children>: 3
											<Frame>: 29 0 Bip001_L_Clavicle
												<Transform>: -0.1996398 0.003025453 0.03851209 0.2047354 270.8135 166.2875 1 1 1 -0.6968954 -0.0850754 0.7071651 0.08376537  
												<TransformMatrix>: -0.01464057 0.2370492 -0.9713874 0 0.0001054108 -0.9714911 -0.2370761 0 -0.9998928 -0.003573298 0.01419806 0 -0.1996398 0.003025453 0.03851209 1  
												<Children>: 1
													<Frame>: 30 0 Bip001_L_UpperArm
														<Transform>: -0.09822401 2.980229E-08 -2.309679E-07 356.3497 297.0859 351.1974 1 1 1 0.01293954 -0.5221415 -0.08200219 0.8488089  
														<TransformMatrix>: 0.4412878 -0.1527209 0.8842745 0 0.1256958 0.9862164 0.1075999 0 -0.8885189 0.06366711 0.4544016 0 -0.09822401 2.980229E-08 -2.309679E-07 1  
														<Children>: 3
															<Frame>: 31 0 Bip001_L_Forearm
																<Transform>: -0.246588 2.942974E-07 1.490114E-07 338.8301 346.513 92.82332 1 1 1 -0.2093802 0.05254745 0.6921893 0.6886746  
																<TransformMatrix>: 0.03622538 0.9313817 -0.3622376 0 -0.9753913 -0.04593229 -0.2156441 0 -0.2174852 0.3611352 0.9067974 0 -0.246588 2.942974E-07 1.490114E-07 1  
																<Children>: 2
																	<Frame>: 32 0 Bip001_L_Forearm_Twist
																		<Transform>: 0 -7.629394E-08 1.525879E-07 295.2041 179.9999 180.0001 1 1 1 -0.8443471 1.453823E-08 -6.445583E-07 0.5357966  
																		<TransformMatrix>: 1 -7.15255E-07 1.072883E-06 0 6.661538E-07 -0.425844 -0.9047967 0 1.104041E-06 0.9047967 -0.425844 0 0 -7.629394E-08 1.525879E-07 1  
																		<Children>: 0
																	</Frame>
																	<Frame>: 33 0 Bip001_L_Hand
																		<Transform>: -0.1821916 -1.761314E-05 0.0001758186 307.0559 245.2914 90.63077 1 1 1 0.7049931 0.3590651 -0.07938337 -0.6064284  
																		<TransformMatrix>: 0.729541 0.6025575 0.3235652 0 0.4099962 -0.006633878 -0.9120632 0 -0.5474241 0.798048 -0.251886 0 -0.1821916 -1.761314E-05 0.0001758186 1  
																		<Children>: 6
																			<Frame>: 34 0 Bip001_L_Finger0
																				<Transform>: -0.02713712 0.003948265 -0.02806758 14.61291 206.2081 278.9401 1 1 1 -0.6496993 0.715526 0.05199157 -0.2514163  
																				<TransformMatrix>: -0.02936125 -0.9558967 0.292232 0 -0.9036105 0.1503753 0.4010926 0 -0.4273476 -0.2522874 -0.8681734 0 -0.02713712 0.003948265 -0.02806758 1  
																				<Children>: 1
																					<Frame>: 35 0 Bip001_L_Finger01
																						<Transform>: -0.04749255 3.166459E-08 -1.117583E-07 355.2207 359.2463 298.0269 1 1 1 -0.03236095 -0.02709952 -0.5146135 0.8563827  
																						<TransformMatrix>: 0.4688771 -0.8796583 0.07972188 0 0.8831661 0.4682514 -0.02753516 0 -0.01310835 0.08331827 0.9964368 0 -0.04749255 3.166459E-08 -1.117583E-07 1  
																						<Children>: 1
																							<Frame>: 36 0 Bip001_L_Finger02
																								<Transform>: -0.0253353 2.60768E-08 8.754402E-08 354.1443 1.837776 337.4742 1 1 1 -0.05321582 0.005732767 -0.1942276 0.9794952  
																								<TransformMatrix>: 0.9244856 -0.3811001 0.009441528 0 0.3798799 0.9188874 -0.1064762 0 0.0319024 0.1020224 0.9942704 0 -0.0253353 2.60768E-08 8.754402E-08 1  
																								<Children>: 0
																							</Frame>
																					</Frame>
																			</Frame>
																			<Frame>: 37 0 Bip001_L_Finger1
																				<Transform>: -0.09064951 -0.01526235 -0.02845214 359.986 354.7041 295.7014 1 1 1 0.02448005 -0.03918017 -0.5315635 0.8457576  
																				<TransformMatrix>: 0.4318103 -0.901066 0.04024845 0 0.8972295 0.4336819 0.08306187 0 -0.09229925 0.0002451204 0.9957313 0 -0.09064951 -0.01526235 -0.02845214 1  
																				<Children>: 1
																					<Frame>: 38 0 Bip001_L_Finger11
																						<Transform>: -0.03228952 -9.382966E-08 -7.450514E-09 356.1364 2.773559 319.9811 1 1 1 -0.03994228 0.01119635 -0.341114 0.9391063  
																						<TransformMatrix>: 0.7670318 -0.641579 0.006220609 0 0.6397901 0.7640918 -0.08265855 0 0.04827887 0.06738163 0.9965585 0 -0.03228952 -9.382966E-08 -7.450514E-09 1  
																						<Children>: 1
																							<Frame>: 39 0 Bip001_L_Finger12
																								<Transform>: -0.03101808 7.45049E-09 9.31314E-10 355.8099 2.265831 320.2512 1 1 1 -0.04109073 0.006156086 -0.3389859 0.9398735  
																								<TransformMatrix>: 0.7701014 -0.6377136 0.01628647 0 0.6367018 0.7668003 -0.08141382 0 0.03943023 0.07306652 0.9965473 0 -0.03101808 7.45049E-09 9.31314E-10 1  
																								<Children>: 0
																							</Frame>
																					</Frame>
																			</Frame>
																			<Frame>: 40 0 Bip001_L_Finger2
																				<Transform>: -0.09188139 -0.01875257 -0.004640266 352.2845 16.54869 291.8038 1 1 1 -0.1356293 0.08157633 -0.545501 0.8230301  
																				<TransformMatrix>: 0.3915479 -0.9200557 0.01369229 0 0.8757992 0.3680667 -0.312254 0 0.2822514 0.1342541 0.9499 0 -0.09188139 -0.01875257 -0.004640266 1  
																				<Children>: 1
																					<Frame>: 41 0 Bip001_L_Finger21
																						<Transform>: -0.0340106 6.984836E-09 -2.048892E-08 0.9502181 16.02097 316.0148 1 1 1 -0.04457086 0.1322843 -0.3718917 0.9177206  
																						<TransformMatrix>: 0.6883949 -0.6943774 -0.209649 0 0.6707932 0.7194201 -0.1801981 0 0.2759511 -0.01658367 0.9610286 0 -0.0340106 6.984836E-09 -2.048892E-08 1  
																						<Children>: 1
																							<Frame>: 42 0 Bip001_L_Finger22
																								<Transform>: -0.0309305 -5.587857E-08 -2.04889E-08 356.2763 10.44403 332.6356 1 1 1 -0.05295399 0.08073261 -0.2325567 0.9677786  
																								<TransformMatrix>: 0.8787992 -0.4586771 -0.131633 0 0.4415766 0.8862265 -0.1400453 0 0.1808922 0.06494566 0.9813563 0 -0.0309305 -5.587857E-08 -2.04889E-08 1  
																								<Children>: 0
																							</Frame>
																					</Frame>
																			</Frame>
																			<Frame>: 43 0 Bip001_L_Finger3
																				<Transform>: -0.0900149 -0.01163167 0.01743829 350.877 27.68177 286.7639 1 1 1 -0.20422 0.1453421 -0.5620539 0.7882038  
																				<TransformMatrix>: 0.3259421 -0.9453896 0.0004469752 0 0.8266625 0.2847791 -0.4853142 0 0.4586837 0.1585538 0.8743397 0 -0.0900149 -0.01163167 0.01743829 1  
																				<Children>: 1
																					<Frame>: 44 0 Bip001_L_Finger31
																						<Transform>: -0.03228951 2.002319E-08 4.656567E-09 3.982501 21.09669 311.6579 1 1 1 -0.04374816 0.1809015 -0.4081027 0.8937633  
																						<TransformMatrix>: 0.6014537 -0.7453226 -0.2876588 0 0.7136663 0.6630765 -0.2258538 0 0.3590737 -0.0694518 0.9307215 0 -0.03228951 2.002319E-08 4.656567E-09 1  
																						<Children>: 1
																							<Frame>: 45 0 Bip001_L_Finger32
																								<Transform>: -0.02826567 -2.79393E-08 -1.443535E-08 355.0933 8.070558 343.8029 1 1 1 -0.05217825 0.06358969 -0.1374156 0.9870921  
																								<TransformMatrix>: 0.9541466 -0.2779196 -0.1111976 0 0.2646476 0.9567888 -0.1204859 0 0.139878 0.08553305 0.9864675 0 -0.02826567 -2.79393E-08 -1.443535E-08 1  
																								<Children>: 0
																							</Frame>
																					</Frame>
																			</Frame>
																			<Frame>: 46 0 Bip001_L_Finger4
																				<Transform>: -0.08438155 0.004956398 0.03723011 354.2158 28.66736 266.3067 1 1 1 -0.2138126 0.1334469 -0.6973723 0.6709307  
																				<TransformMatrix>: -0.008272409 -0.9928422 0.1191467 0 0.8787117 -0.06408799 -0.4730312 0 0.4772812 0.1007825 0.8729522 0 -0.08438155 0.004956398 0.03723011 1  
																				<Children>: 1
																					<Frame>: 47 0 Bip001_L_Finger41
																						<Transform>: -0.02690797 -7.450488E-09 -2.142022E-08 3.802311 19.7795 311.4676 1 1 1 -0.04075282 0.1699233 -0.4098411 0.8952628  
																						<TransformMatrix>: 0.6063126 -0.7476808 -0.2708477 0 0.7199813 0.6607389 -0.2122521 0 0.3376564 -0.06631415 0.9389306 0 -0.02690797 -7.450488E-09 -2.142022E-08 1  
																						<Children>: 1
																							<Frame>: 48 0 Bip001_L_Finger42
																								<Transform>: -0.02754587 -5.680986E-08 -6.053534E-09 357.6617 13.66153 320.5397 1 1 1 -0.05921375 0.105092 -0.3328405 0.9352362  
																								<TransformMatrix>: 0.7563457 -0.6350148 -0.1571541 0 0.6101232 0.7714218 -0.1807154 0 0.2359891 0.04079995 0.9708988 0 -0.02754587 -5.680986E-08 -6.053534E-09 1  
																								<Children>: 0
																							</Frame>
																					</Frame>
																			</Frame>
																			<Frame>: 49 0 Bip001_L_Hand_WeaponBone
																				<Transform>: -0.06175197 0.03433144 -0.004068332 356.2477 194.5686 179.7305 1 1 1 0.9914045 -0.001819783 -0.1266478 -0.03277288  
																				<TransformMatrix>: 0.967914 0.004692943 -0.2512377 0 -0.01190951 -0.9978453 -0.06452141 0 -0.2509991 0.0654433 -0.9657726 0 -0.06175197 0.03433144 -0.004068332 1  
																				<Children>: 1
																					<Frame>: 50 0 Mesh_Warrior_WeaponShield
																						<Transform>: 0 0 0 0 0 0 1 1 1 0 0 0 1  
																						<TransformMatrix>: 1 0 0 0 0 1 0 0 0 0 1 0 0 0 0 1  
																						<Mesh>: 593 Weapon02
																							<Bounds>: 0 0.08990262 0 0.3043544 0.1022429 0.3043544
